1.000000 0.001275
0.999013 0.001480
0.996057 0.002095
0.991144 0.003110
0.984292 0.004515
0.975528 0.006291
0.964888 0.008418
0.952414 0.010871
0.938153 0.013622
0.922164 0.016641
0.904508 0.019894
0.885257 0.023347
0.864484 0.026965
0.842274 0.030711
0.818712 0.034549
0.793893 0.038441
0.767913 0.042351
0.740877 0.046242
0.712890 0.050078
0.684062 0.053822
0.654508 0.057440
0.624345 0.060896
0.593691 0.064155
0.562667 0.067185
0.531395 0.069952
0.500000 0.072425
0.468605 0.074573
0.437333 0.076370
0.406309 0.077788
0.375655 0.078760
0.345492 0.079194
0.315938 0.079081
0.287110 0.078420
0.259123 0.077216
0.232087 0.075479
0.206107 0.073226
0.181288 0.070480
0.157726 0.067269
0.135516 0.063626
0.114743 0.059589
0.095492 0.055200
0.077836 0.050502
0.061847 0.045543
0.047586 0.040370
0.035112 0.035028
0.024472 0.029563
0.015708 0.024019
0.008856 0.018434
0.003943 0.012853
0.000987 0.007343
0.000000 0.000000
0.000987 -0.004081
0.003943 -0.009180
0.008856 -0.013960
0.015708 -0.018396
0.024472 -0.022471
0.035112 -0.026174
0.047586 -0.029498
0.061847 -0.032436
0.077836 -0.034986
0.095492 -0.037145
0.114743 -0.038916
0.135516 -0.040308
0.157726 -0.041329
0.181288 -0.041996
0.206107 -0.042329
0.232087 -0.042352
0.259123 -0.042093
0.287110 -0.041586
0.315938 -0.040865
0.345492 -0.039967
0.375655 -0.038930
0.406309 -0.037790
0.437333 -0.036502
0.468605 -0.035050
0.500000 -0.033462
0.531395 -0.031767
0.562667 -0.029992
0.593691 -0.028163
0.624345 -0.026301
0.654508 -0.024427
0.684062 -0.022559
0.712890 -0.020712
0.740877 -0.018899
0.767913 -0.017132
0.793893 -0.015421
0.818712 -0.013774
0.842274 -0.012200
0.864484 -0.010705
0.885257 -0.009296
0.904508 -0.007980
0.922164 -0.006763
0.938153 -0.005651
0.952414 -0.004652
0.964888 -0.003771
0.975528 -0.003014
0.984292 -0.002386
0.991144 -0.001893
0.996057 -0.001537
0.999013 -0.001323
1.000000 -0.001251
